   8.1081203e+00
   1.4385487e-02
   1.4130899e-02
   1.3916725e-02
   1.3732370e-02
   1.3570633e-02
   1.3426107e-02
   1.3294492e-02
   1.3172239e-02
   1.3056349e-02
   1.2944260e-02
   1.2833762e-02
   1.2722955e-02
   1.2610216e-02
   1.2494186e-02
   1.2373756e-02
   1.2248067e-02
   1.2116511e-02
   1.1978731e-02
   1.1834630e-02
   1.1684369e-02
   1.1528374e-02
   1.1367332e-02
   1.1202194e-02
   1.1034162e-02
   1.0864686e-02
   1.0695446e-02
   1.0528336e-02
   1.0365443e-02
   1.0209024e-02
   1.0061478e-02
   9.9253206e-03
   9.8031548e-03
   9.6976474e-03
   9.6115037e-03
   9.5474479e-03
   9.5082076e-03
   9.4965044e-03
   9.5150511e-03
   9.5665573e-03
   9.6537452e-03
   9.7793801e-03
   9.9463205e-03
   1.0162327e-02
   1.0457387e-02
   1.0802415e-02
   1.1153278e-02
   1.1482274e-02
   7.6826003e+00
   1.3710151e-02
   1.3496232e-02
   1.3318799e-02
   1.3168364e-02
   1.3038423e-02
   1.2924086e-02
   1.2821452e-02
   1.2727288e-02
   1.2638858e-02
   1.2553805e-02
   1.2470091e-02
   1.2385951e-02
   1.2299865e-02
   1.2210547e-02
   1.2116935e-02
   1.2018191e-02
   1.1913701e-02
   1.1803081e-02
   1.1686180e-02
   1.1563086e-02
   1.1434130e-02
   1.1299885e-02
   1.1161171e-02
   1.1019046e-02
   1.0874802e-02
   1.0729953e-02
   1.0586220e-02
   1.0445515e-02
   1.0309919e-02
   1.0181655e-02
   1.0063068e-02
   9.9565939e-03
   9.8647380e-03
   9.7900473e-03
   9.7350903e-03
   9.7024385e-03
   9.6946539e-03
   9.7142814e-03
   9.7638496e-03
   9.8458814e-03
   9.9629176e-03
   1.0117561e-02
   1.0316969e-02
   1.0589018e-02
   1.0906276e-02
   1.1227434e-02
   1.1526713e-02
   7.2676578e+00
   1.3050940e-02
   1.2875741e-02
   1.2733343e-02
   1.2615263e-02
   1.2515679e-02
   1.2430200e-02
   1.2355312e-02
   1.2288095e-02
   1.2226061e-02
   1.2167062e-02
   1.2109224e-02
   1.2050916e-02
   1.1990719e-02
   1.1927422e-02
   1.1860010e-02
   1.1787667e-02
   1.1709775e-02
   1.1625922e-02
   1.1535908e-02
   1.1439747e-02
   1.1337676e-02
   1.1230155e-02
   1.1117870e-02
   1.1001734e-02
   1.0882877e-02
   1.0762640e-02
   1.0642568e-02
   1.0524386e-02
   1.0409987e-02
   1.0301408e-02
   1.0200807e-02
   1.0110441e-02
   1.0032635e-02
   9.9697613e-03
   9.9242186e-03
   9.8984083e-03
   9.8947206e-03
   9.9155240e-03
   9.9631613e-03
   1.0039956e-02
   1.0148230e-02
   1.0290340e-02
   1.0472858e-02
   1.0721549e-02
   1.1010712e-02
   1.1301915e-02
   1.1571317e-02
   6.8632909e+00
   1.2407971e-02
   1.2269854e-02
   1.2161048e-02
   1.2074035e-02
   1.2003638e-02
   1.1945945e-02
   1.1897815e-02
   1.1856626e-02
   1.1820133e-02
   1.1786386e-02
   1.1753674e-02
   1.1720493e-02
   1.1685528e-02
   1.1647640e-02
   1.1605861e-02
   1.1559398e-02
   1.1507633e-02
   1.1450128e-02
   1.1386634e-02
   1.1317095e-02
   1.1241656e-02
   1.1160665e-02
   1.1074678e-02
   1.0984459e-02
   1.0890976e-02
   1.0795399e-02
   1.0699085e-02
   1.0603571e-02
   1.0510554e-02
   1.0421875e-02
   1.0339496e-02
   1.0265478e-02
   1.0201956e-02
   1.0151117e-02
   1.0115172e-02
   1.0096341e-02
   1.0096833e-02
   1.0118831e-02
   1.0164488e-02
   1.0235925e-02
   1.0335249e-02
   1.0464582e-02
   1.0629915e-02
   1.0854903e-02
   1.1115645e-02
   1.1376643e-02
   1.1616008e-02
   6.4694997e+00
   1.1781244e-02
   1.1678570e-02
   1.1601916e-02
   1.1544678e-02
   1.1502298e-02
   1.1471320e-02
   1.1448960e-02
   1.1432880e-02
   1.1421072e-02
   1.1411776e-02
   1.1403438e-02
   1.1394683e-02
   1.1384292e-02
   1.1371200e-02
   1.1354488e-02
   1.1333386e-02
   1.1307276e-02
   1.1275698e-02
   1.1238357e-02
   1.1195129e-02
   1.1146069e-02
   1.1091415e-02
   1.1031593e-02
   1.0967220e-02
   1.0899101e-02
   1.0828228e-02
   1.0755771e-02
   1.0683070e-02
   1.0611621e-02
   1.0543056e-02
   1.0479133e-02
   1.0421705e-02
   1.0372704e-02
   1.0334113e-02
   1.0307950e-02
   1.0296238e-02
   1.0300992e-02
   1.0324204e-02
   1.0367829e-02
   1.0433788e-02
   1.0523977e-02
   1.0640287e-02
   1.0788141e-02
   1.0989081e-02
   1.1221075e-02
   1.1451617e-02
   1.1660784e-02
   6.0862839e+00
   1.1170759e-02
   1.1101890e-02
   1.1055947e-02
   1.1027193e-02
   1.1011660e-02
   1.1006326e-02
   1.1008746e-02
   1.1016859e-02
   1.1028879e-02
   1.1043233e-02
   1.1058519e-02
   1.1073485e-02
   1.1087011e-02
   1.1098103e-02
   1.1105890e-02
   1.1109629e-02
   1.1108703e-02
   1.1102632e-02
   1.1091077e-02
   1.1073849e-02
   1.1050915e-02
   1.1022405e-02
   1.0988616e-02
   1.0950017e-02
   1.0907251e-02
   1.0861127e-02
   1.0812626e-02
   1.0762884e-02
   1.0713187e-02
   1.0664952e-02
   1.0619719e-02
   1.0579123e-02
   1.0544877e-02
   1.0518752e-02
   1.0502553e-02
   1.0498097e-02
   1.0507197e-02
   1.0531641e-02
   1.0573185e-02
   1.0633546e-02
   1.0714412e-02
   1.0817455e-02
   1.0947536e-02
   1.1124084e-02
   1.1327004e-02
   1.1526838e-02
   1.1705647e-02
   5.7136438e+00
   1.0576516e-02
   1.0539813e-02
   1.0523139e-02
   1.0521580e-02
   1.0531723e-02
   1.0550962e-02
   1.0577175e-02
   1.0608562e-02
   1.0643554e-02
   1.0680756e-02
   1.0718916e-02
   1.0756900e-02
   1.0793685e-02
   1.0828348e-02
   1.0860068e-02
   1.0888128e-02
   1.0911915e-02
   1.0930930e-02
   1.0944795e-02
   1.0953256e-02
   1.0956195e-02
   1.0953635e-02
   1.0945747e-02
   1.0932852e-02
   1.0915425e-02
   1.0894097e-02
   1.0869650e-02
   1.0843013e-02
   1.0815252e-02
   1.0787563e-02
   1.0761254e-02
   1.0737730e-02
   1.0718475e-02
   1.0705031e-02
   1.0698980e-02
   1.0701920e-02
   1.0715448e-02
   1.0741143e-02
   1.0780555e-02
   1.0835199e-02
   1.0906554e-02
   1.0996086e-02
   1.1108099e-02
   1.1259911e-02
   1.1433430e-02
   1.1602304e-02
   1.1750596e-02
   5.3515793e+00
   9.9985155e-03
   9.9923403e-03
   1.0003494e-02
   1.0027839e-02
   1.0062489e-02
   1.0105229e-02
   1.0154245e-02
   1.0207989e-02
   1.0265097e-02
   1.0324347e-02
   1.0384629e-02
   1.0444928e-02
   1.0504314e-02
   1.0561936e-02
   1.0617022e-02
   1.0668882e-02
   1.0716911e-02
   1.0760592e-02
   1.0799509e-02
   1.0833348e-02
   1.0861908e-02
   1.0885106e-02
   1.0902987e-02
   1.0915723e-02
   1.0923625e-02
   1.0927138e-02
   1.0926843e-02
   1.0923455e-02
   1.0917817e-02
   1.0910888e-02
   1.0903737e-02
   1.0897527e-02
   1.0893498e-02
   1.0892953e-02
   1.0897233e-02
   1.0907706e-02
   1.0925745e-02
   1.0952710e-02
   1.0989941e-02
   1.1038746e-02
   1.1100405e-02
   1.1176179e-02
   1.1269832e-02
   1.1396563e-02
   1.1540353e-02
   1.1678017e-02
   1.1795631e-02
   5.0000903e+00
   9.4367567e-03
   9.4594710e-03
   9.4970104e-03
   9.5459692e-03
   9.6039559e-03
   9.6691260e-03
   9.7399577e-03
   9.8151397e-03
   9.8935070e-03
   9.9740033e-03
   1.0055657e-02
   1.0137568e-02
   1.0218897e-02
   1.0298866e-02
   1.0376751e-02
   1.0451892e-02
   1.0523691e-02
   1.0591619e-02
   1.0655221e-02
   1.0714127e-02
   1.0768055e-02
   1.0816817e-02
   1.0860334e-02
   1.0898631e-02
   1.0931850e-02
   1.0960249e-02
   1.0984205e-02
   1.1004213e-02
   1.1020881e-02
   1.1034927e-02
   1.1047169e-02
   1.1058514e-02
   1.1069948e-02
   1.1082515e-02
   1.1097310e-02
   1.1115456e-02
   1.1138087e-02
   1.1166342e-02
   1.1201341e-02
   1.1244188e-02
   1.1295963e-02
   1.1357736e-02
   1.1432734e-02
   1.1534038e-02
   1.1647775e-02
   1.1753976e-02
   1.1840752e-02
   4.6591770e+00
   8.8912400e-03
   8.9412052e-03
   9.0036895e-03
   9.0759715e-03
   9.1561250e-03
   9.2426537e-03
   9.3343121e-03
   9.4300146e-03
   9.5287853e-03
   9.6297268e-03
   9.7320017e-03
   9.8348207e-03
   9.9374360e-03
   1.0039138e-02
   1.0139256e-02
   1.0237158e-02
   1.0332256e-02
   1.0424010e-02
   1.0511931e-02
   1.0595593e-02
   1.0674634e-02
   1.0748769e-02
   1.0817789e-02
   1.0881575e-02
   1.0940099e-02
   1.0993430e-02
   1.1041736e-02
   1.1085284e-02
   1.1124444e-02
   1.1159680e-02
   1.1191549e-02
   1.1220692e-02
   1.1247822e-02
   1.1273719e-02
   1.1299213e-02
   1.1325168e-02
   1.1352476e-02
   1.1382038e-02
   1.1414756e-02
   1.1451524e-02
   1.1493229e-02
   1.1540755e-02
   1.1596804e-02
   1.1672338e-02
   1.1755694e-02
   1.1830181e-02
   1.1885959e-02
   4.3288392e+00
   8.3619653e-03
   8.4375431e-03
   8.5235308e-03
   8.6178455e-03
   8.7189958e-03
   8.8258121e-03
   8.9373084e-03
   9.0526135e-03
   9.1709313e-03
   9.2915169e-03
   9.4136621e-03
   9.5366859e-03
   9.6599294e-03
   9.7827532e-03
   9.9045367e-03
   1.0024680e-02
   1.0142606e-02
   1.0257764e-02
   1.0369637e-02
   1.0477744e-02
   1.0581647e-02
   1.0680960e-02
   1.0775352e-02
   1.0864556e-02
   1.0948374e-02
   1.1026682e-02
   1.1099435e-02
   1.1166670e-02
   1.1228507e-02
   1.1285148e-02
   1.1336879e-02
   1.1384059e-02
   1.1427122e-02
   1.1466565e-02
   1.1502940e-02
   1.1536844e-02
   1.1568911e-02
   1.1599800e-02
   1.1630185e-02
   1.1660755e-02
   1.1692203e-02
   1.1725237e-02
   1.1762044e-02
   1.1811461e-02
   1.1864110e-02
   1.1906633e-02
   1.1931253e-02
   4.0090770e+00
   7.8489326e-03
   7.9484845e-03
   8.0565343e-03
   8.1715913e-03
   8.2925685e-03
   8.4186009e-03
   8.5489466e-03
   8.6829365e-03
   8.8199451e-03
   8.9593736e-03
   9.1006383e-03
   9.2431636e-03
   9.3863778e-03
   9.5297106e-03
   9.6725929e-03
   9.8144572e-03
   9.9547398e-03
   1.0092883e-02
   1.0228341e-02
   1.0360582e-02
   1.0489094e-02
   1.0613392e-02
   1.0733024e-02
   1.0847574e-02
   1.0956674e-02
   1.1060005e-02
   1.1157304e-02
   1.1248371e-02
   1.1333069e-02
   1.1411331e-02
   1.1483156e-02
   1.1548616e-02
   1.1607848e-02
   1.1661052e-02
   1.1708492e-02
   1.1750483e-02
   1.1787392e-02
   1.1819626e-02
   1.1847630e-02
   1.1871880e-02
   1.1892884e-02
   1.1911182e-02
   1.1928452e-02
   1.1951409e-02
   1.1973024e-02
   1.1983330e-02
   1.1976632e-02
   3.6998904e+00
   7.3521420e-03
   7.4740294e-03
   7.6027000e-03
   7.7372089e-03
   7.8768429e-03
   8.0210202e-03
   8.1692268e-03
   8.3209835e-03
   8.4758267e-03
   8.6332970e-03
   8.7929305e-03
   8.9542539e-03
   9.1167811e-03
   9.2800105e-03
   9.4434248e-03
   9.6064902e-03
   9.7686582e-03
   9.9293666e-03
   1.0088043e-02
   1.0244106e-02
   1.0396974e-02
   1.0546064e-02
   1.0690803e-02
   1.0830628e-02
   1.0964999e-02
   1.1093397e-02
   1.1215341e-02
   1.1330385e-02
   1.1438130e-02
   1.1538227e-02
   1.1630383e-02
   1.1714364e-02
   1.1789998e-02
   1.1857180e-02
   1.1915868e-02
   1.1966086e-02
   1.2007919e-02
   1.2041517e-02
   1.2067089e-02
   1.2084900e-02
   1.2095273e-02
   1.2098589e-02
   1.2096029e-02
   1.2092182e-02
   1.2082436e-02
   1.2060274e-02
   1.2022098e-02
   3.4012793e+00
   6.8715934e-03
   7.0141780e-03
   7.1620280e-03
   7.3146983e-03
   7.4718191e-03
   7.6330701e-03
   7.7981490e-03
   7.9667545e-03
   8.1385761e-03
   8.3132870e-03
   8.4905385e-03
   8.6699568e-03
   8.8511392e-03
   9.0336529e-03
   9.2170323e-03
   9.4007790e-03
   9.5843611e-03
   9.7672139e-03
   9.9487411e-03
   1.0128316e-02
   1.0305287e-02
   1.0478977e-02
   1.0648690e-02
   1.0813719e-02
   1.0973348e-02
   1.1126861e-02
   1.1273548e-02
   1.1412715e-02
   1.1543691e-02
   1.1665838e-02
   1.1778558e-02
   1.1881301e-02
   1.1973575e-02
   1.2054950e-02
   1.2125070e-02
   1.2183651e-02
   1.2230492e-02
   1.2265473e-02
   1.2288563e-02
   1.2299814e-02
   1.2299370e-02
   1.2287460e-02
   1.2264776e-02
   1.2233778e-02
   1.2192346e-02
   1.2137465e-02
   1.2067650e-02
   3.1132439e+00
   6.4072868e-03
   6.5689301e-03
   6.7345181e-03
   6.9040595e-03
   7.0774972e-03
   7.2547505e-03
   7.4357130e-03
   7.6202495e-03
   7.8081933e-03
   7.9993436e-03
   8.1934625e-03
   8.3902721e-03
   8.5894523e-03
   8.7906377e-03
   8.9934154e-03
   9.1973234e-03
   9.4018484e-03
   9.6064255e-03
   9.8104369e-03
   1.0013213e-02
   1.0214034e-02
   1.0412129e-02
   1.0606686e-02
   1.0796847e-02
   1.0981723e-02
   1.1160395e-02
   1.1331923e-02
   1.1495358e-02
   1.1649751e-02
   1.1794164e-02
   1.1927682e-02
   1.2049429e-02
   1.2158576e-02
   1.2254362e-02
   1.2336096e-02
   1.2403180e-02
   1.2455111e-02
   1.2491494e-02
   1.2512051e-02
   1.2516623e-02
   1.2505174e-02
   1.2477793e-02
   1.2434691e-02
   1.2376199e-02
   1.2302753e-02
   1.2214901e-02
   1.2113288e-02
   2.8357840e+00
   5.9592223e-03
   6.1382859e-03
   6.3201705e-03
   6.5052925e-03
   6.6938770e-03
   6.8860614e-03
   7.0819190e-03
   7.2814686e-03
   7.4846783e-03
   7.6914669e-03
   7.9017023e-03
   8.1152001e-03
   8.3317203e-03
   8.5509649e-03
   8.7725742e-03
   8.9961235e-03
   9.2211202e-03
   9.4470012e-03
   9.6731300e-03
   9.8987961e-03
   1.0123214e-02
   1.0345522e-02
   1.0564789e-02
   1.0780011e-02
   1.0990123e-02
   1.1193999e-02
   1.1390467e-02
   1.1578317e-02
   1.1756311e-02
   1.1923204e-02
   1.2077754e-02
   1.2218746e-02
   1.2345004e-02
   1.2455415e-02
   1.2548948e-02
   1.2624672e-02
   1.2681776e-02
   1.2719580e-02
   1.2737555e-02
   1.2735326e-02
   1.2712686e-02
   1.2669589e-02
   1.2605775e-02
   1.2519444e-02
   1.2413658e-02
   1.2292584e-02
   1.2159012e-02
   2.5688998e+00
   5.5273998e-03
   5.7222452e-03
   5.9189851e-03
   6.1183973e-03
   6.3209586e-03
   6.5270029e-03
   6.7367670e-03
   6.9504117e-03
   7.1680311e-03
   7.3896568e-03
   7.6152581e-03
   7.8447405e-03
   8.0779432e-03
   8.3146347e-03
   8.5545086e-03
   8.7971793e-03
   9.0421765e-03
   9.2889410e-03
   9.5368204e-03
   9.7850653e-03
   1.0032827e-02
   1.0279155e-02
   1.0523000e-02
   1.0763212e-02
   1.0998548e-02
   1.1227674e-02
   1.1449181e-02
   1.1661589e-02
   1.1863370e-02
   1.2052958e-02
   1.2228776e-02
   1.2389253e-02
   1.2532856e-02
   1.2658109e-02
   1.2763624e-02
   1.2848128e-02
   1.2910487e-02
   1.2949731e-02
   1.2965073e-02
   1.2955924e-02
   1.2921906e-02
   1.2862848e-02
   1.2778028e-02
   1.2663513e-02
   1.2525060e-02
   1.2370513e-02
   1.2204822e-02
   2.3125911e+00
   5.1118194e-03
   5.3208080e-03
   5.5309619e-03
   5.7433738e-03
   5.9587420e-03
   6.1775749e-03
   6.4002569e-03
   6.6270788e-03
   6.8582517e-03
   7.0939133e-03
   7.3341297e-03
   7.5788935e-03
   7.8281210e-03
   8.0816468e-03
   8.3392187e-03
   8.6004908e-03
   8.8650172e-03
   9.1322450e-03
   9.4015080e-03
   9.6720207e-03
   9.9428734e-03
   1.0213029e-02
   1.0481320e-02
   1.0746450e-02
   1.1006997e-02
   1.1261419e-02
   1.1508063e-02
   1.1745176e-02
   1.1970928e-02
   1.2183427e-02
   1.2380745e-02
   1.2560951e-02
   1.2722134e-02
   1.2862445e-02
   1.2980125e-02
   1.3073546e-02
   1.3141244e-02
   1.3181946e-02
   1.3194605e-02
   1.3178417e-02
   1.3132834e-02
   1.3057570e-02
   1.2951450e-02
   1.2808406e-02
   1.2636960e-02
   1.2448688e-02
   1.2250718e-02
   2.0668580e+00
   4.7124809e-03
   4.9339745e-03
   5.1561009e-03
   5.3802221e-03
   5.6072272e-03
   5.8377774e-03
   6.0723887e-03
   6.3114699e-03
   6.5553400e-03
   6.8042365e-03
   7.0583172e-03
   7.3176591e-03
   7.5822537e-03
   7.8520015e-03
   8.1267044e-03
   8.4060580e-03
   8.6896424e-03
   8.9769132e-03
   9.2671930e-03
   9.5596625e-03
   9.8533534e-03
   1.0147142e-02
   1.0439747e-02
   1.0729724e-02
   1.1015472e-02
   1.1295235e-02
   1.1567114e-02
   1.1829077e-02
   1.2078985e-02
   1.2314610e-02
   1.2533664e-02
   1.2733839e-02
   1.2912838e-02
   1.3068422e-02
   1.3198451e-02
   1.3300928e-02
   1.3374047e-02
   1.3416227e-02
   1.3426153e-02
   1.3402804e-02
   1.3345469e-02
   1.3253755e-02
   1.3126040e-02
   1.2954124e-02
   1.2749358e-02
   1.2527109e-02
   1.2296701e-02
   1.8317004e+00
   4.3293846e-03
   4.5617445e-03
   4.7944022e-03
   5.0289423e-03
   5.2664142e-03
   5.5076104e-03
   5.7531625e-03
   6.0035851e-03
   6.2592962e-03
   6.5206263e-03
   6.7878207e-03
   7.0610372e-03
   7.3403413e-03
   7.6256986e-03
   7.9169658e-03
   8.2138809e-03
   8.5160520e-03
   8.8229456e-03
   9.1338752e-03
   9.4479905e-03
   9.7642667e-03
   1.0081496e-02
   1.0398282e-02
   1.0713035e-02
   1.1023972e-02
   1.1329122e-02
   1.1626334e-02
   1.1913293e-02
   1.2187542e-02
   1.2446507e-02
   1.2687531e-02
   1.2907916e-02
   1.3104967e-02
   1.3276041e-02
   1.3418601e-02
   1.3530273e-02
   1.3608896e-02
   1.3652572e-02
   1.3659715e-02
   1.3629085e-02
   1.3559812e-02
   1.3451402e-02
   1.3301800e-02
   1.3100665e-02
   1.2862253e-02
   1.2605777e-02
   1.2342769e-02
   1.6071185e+00
   3.9625302e-03
   4.2041181e-03
   4.4458656e-03
   4.6895342e-03
   4.9363030e-03
   5.1870739e-03
   5.4425782e-03
   5.7034243e-03
   5.9701201e-03
   6.2430827e-03
   6.5226400e-03
   6.8090279e-03
   7.1023838e-03
   7.4027381e-03
   7.7100028e-03
   8.0239596e-03
   8.3442461e-03
   8.6703421e-03
   9.0015548e-03
   9.3370048e-03
   9.6756134e-03
   1.0016091e-02
   1.0356926e-02
   1.0696383e-02
   1.1032497e-02
   1.1363079e-02
   1.1685723e-02
   1.1997823e-02
   1.2296599e-02
   1.2579119e-02
   1.2842347e-02
   1.3083184e-02
   1.3298521e-02
   1.3485301e-02
   1.3640577e-02
   1.3761582e-02
   1.3845791e-02
   1.3890982e-02
   1.3895292e-02
   1.3857262e-02
   1.3775863e-02
   1.3650513e-02
   1.3478728e-02
   1.3248031e-02
   1.2975646e-02
   1.2684690e-02
   1.2388924e-02
   1.3931121e+00
   3.6119179e-03
   3.8610953e-03
   4.1104913e-03
   4.3619979e-03
   4.6168936e-03
   4.8761680e-03
   5.1406359e-03
   5.4109875e-03
   5.6878118e-03
   5.9716058e-03
   6.2627752e-03
   6.5616311e-03
   6.8683813e-03
   7.1831201e-03
   7.5058154e-03
   7.8362939e-03
   8.1742247e-03
   8.5191028e-03
   8.8702316e-03
   9.2267054e-03
   9.5873934e-03
   9.9509249e-03
   1.0315677e-02
   1.0679767e-02
   1.1041047e-02
   1.1397106e-02
   1.1745280e-02
   1.2082668e-02
   1.2406154e-02
   1.2712445e-02
   1.2998111e-02
   1.3259641e-02
   1.3493501e-02
   1.3696202e-02
   1.3864377e-02
   1.3994854e-02
   1.4084732e-02
   1.4131457e-02
   1.4132884e-02
   1.4087332e-02
   1.3993621e-02
   1.3851086e-02
   1.3656826e-02
   1.3396221e-02
   1.3089536e-02
   1.2763851e-02
   1.2435165e-02
   1.1896814e+00
   3.2775476e-03
   3.5326761e-03
   3.7882792e-03
   4.0463334e-03
   4.3081859e-03
   4.5748926e-03
   4.8473355e-03
   5.1262747e-03
   5.4123713e-03
   5.7061955e-03
   6.0082264e-03
   6.3188468e-03
   6.6383336e-03
   6.9668446e-03
   7.3044037e-03
   7.6508839e-03
   8.0059877e-03
   8.3692277e-03
   8.7399057e-03
   9.1170923e-03
   9.4996068e-03
   9.8859996e-03
   1.0274537e-02
   1.0663188e-02
   1.1049621e-02
   1.1431204e-02
   1.1805007e-02
   1.2167827e-02
   1.2516209e-02
   1.2846486e-02
   1.3154824e-02
   1.3437289e-02
   1.3689906e-02
   1.3908745e-02
   1.4090002e-02
   1.4230089e-02
   1.4325719e-02
   1.4373997e-02
   1.4372490e-02
   1.4319297e-02
   1.4213087e-02
   1.4053122e-02
   1.3836092e-02
   1.3545236e-02
   1.3203925e-02
   1.2843257e-02
   1.2481492e-02
   9.9682620e-01
   2.9594194e-03
   3.2188604e-03
   3.4792294e-03
   3.7425406e-03
   4.0101801e-03
   4.2832477e-03
   4.5626770e-03
   4.8492860e-03
   5.1437986e-03
   5.4468518e-03
   5.7589934e-03
   6.0806751e-03
   6.4122408e-03
   6.7539115e-03
   7.1057677e-03
   7.4677296e-03
   7.8395351e-03
   8.2207167e-03
   8.6105771e-03
   9.0081654e-03
   9.4122535e-03
   9.8213146e-03
   1.0233504e-02
   1.0646645e-02
   1.1058221e-02
   1.1465372e-02
   1.1864903e-02
   1.2253301e-02
   1.2626763e-02
   1.2981240e-02
   1.3312486e-02
   1.3616127e-02
   1.3887737e-02
   1.4122930e-02
   1.4317452e-02
   1.4467287e-02
   1.4568752e-02
   1.4618601e-02
   1.4614112e-02
   1.4553157e-02
   1.4434261e-02
   1.4256621e-02
   1.4016528e-02
   1.3695074e-02
   1.3318811e-02
   1.2922909e-02
   1.2527905e-02
   8.1454660e-01
   2.6575332e-03
   2.9196484e-03
   3.1833417e-03
   3.4506197e-03
   3.7228761e-03
   4.0012334e-03
   4.2866605e-03
   4.5800213e-03
   4.8820938e-03
   5.1935748e-03
   5.5150763e-03
   5.8471160e-03
   6.1901030e-03
   6.5443209e-03
   6.9099073e-03
   7.2868310e-03
   7.6748671e-03
   8.0735699e-03
   8.4822458e-03
   8.8999248e-03
   9.3253336e-03
   9.7568698e-03
   1.0192579e-02
   1.0630140e-02
   1.1066846e-02
   1.1499611e-02
   1.1924967e-02
   1.2339089e-02
   1.2737817e-02
   1.3116710e-02
   1.3471097e-02
   1.3796154e-02
   1.4086993e-02
   1.4338756e-02
   1.4546727e-02
   1.4706448e-02
   1.4813831e-02
   1.4865271e-02
   1.4857748e-02
   1.4788911e-02
   1.4657142e-02
   1.4461583e-02
   1.4198132e-02
   1.3845737e-02
   1.3434194e-02
   1.3002808e-02
   1.2574404e-02
   6.4284259e-01
   2.3718891e-03
   2.6350399e-03
   2.9006163e-03
   3.1705706e-03
   3.4462739e-03
   3.7288496e-03
   4.0192860e-03
   4.3184806e-03
   4.6272567e-03
   4.9463644e-03
   5.2764752e-03
   5.6181694e-03
   5.9719200e-03
   6.3380727e-03
   6.7168225e-03
   7.1081881e-03
   7.5119834e-03
   7.9277872e-03
   8.3549117e-03
   8.7923705e-03
   9.2388471e-03
   9.6926653e-03
   1.0151763e-02
   1.0613670e-02
   1.1075496e-02
   1.1533920e-02
   1.1985201e-02
   1.2425191e-02
   1.2849370e-02
   1.3252894e-02
   1.3630656e-02
   1.3977372e-02
   1.4287674e-02
   1.4556223e-02
   1.4777827e-02
   1.4947573e-02
   1.5060956e-02
   1.5114005e-02
   1.5103398e-02
   1.5026560e-02
   1.4881732e-02
   1.4668007e-02
   1.4380905e-02
   1.3997224e-02
   1.3550075e-02
   1.3082953e-02
   1.2620989e-02
   4.8171416e-01
   2.1024870e-03
   2.3650350e-03
   2.6310531e-03
   2.9023932e-03
   3.1803734e-03
   3.4660963e-03
   3.7605533e-03
   4.0646640e-03
   4.3792873e-03
   4.7052206e-03
   5.0431899e-03
   5.3938353e-03
   5.7576920e-03
   6.1351670e-03
   6.5265134e-03
   6.9318010e-03
   7.3508843e-03
   7.7833688e-03
   8.2285750e-03
   8.6855025e-03
   9.1527939e-03
   9.6287010e-03
   1.0111054e-02
   1.0597238e-02
   1.1084171e-02
   1.1568300e-02
   1.2045603e-02
   1.2511608e-02
   1.2961422e-02
   1.3389792e-02
   1.3791164e-02
   1.4159780e-02
   1.4489781e-02
   1.4775332e-02
   1.5010751e-02
   1.5190661e-02
   1.5310127e-02
   1.5364805e-02
   1.5351064e-02
   1.5266103e-02
   1.5108028e-02
   1.4875895e-02
   1.4564847e-02
   1.4149535e-02
   1.3666454e-02
   1.3163344e-02
   1.2667661e-02
   3.3116132e-01
   1.8493269e-03
   2.1096337e-03
   2.3746521e-03
   2.6460877e-03
   2.9251748e-03
   3.2129735e-03
   3.5104627e-03
   3.8185714e-03
   4.1381858e-03
   4.4701435e-03
   4.8152205e-03
   5.1741139e-03
   5.5474189e-03
   5.9356037e-03
   6.3389799e-03
   6.7576695e-03
   7.1915696e-03
   7.6403145e-03
   8.1032356e-03
   8.5793207e-03
   9.0671740e-03
   9.5649770e-03
   1.0070454e-02
   1.0580842e-02
   1.1092871e-02
   1.1602750e-02
   1.2106175e-02
   1.2598339e-02
   1.3073974e-02
   1.3527404e-02
   1.3952620e-02
   1.4343378e-02
   1.4693314e-02
   1.4996082e-02
   1.5245501e-02
   1.5435712e-02
   1.5561345e-02
   1.5617669e-02
   1.5600744e-02
   1.5507541e-02
   1.5336033e-02
   1.5085245e-02
   1.4749958e-02
   1.4302671e-02
   1.3783330e-02
   1.3243982e-02
   1.2714418e-02
   1.9118406e-01
   1.6124089e-03
   1.8688360e-03
   2.1314134e-03
   2.4016539e-03
   2.6806780e-03
   2.9694813e-03
   3.2690140e-03
   3.5802028e-03
   3.9039521e-03
   4.2411330e-03
   4.5925671e-03
   4.9590049e-03
   5.3411007e-03
   5.7393830e-03
   6.1542221e-03
   6.5857937e-03
   7.0340394e-03
   7.4986244e-03
   7.9788934e-03
   8.4738253e-03
   8.9819875e-03
   9.5014933e-03
   1.0029961e-02
   1.0564483e-02
   1.1101596e-02
   1.1637271e-02
   1.2166915e-02
   1.2685384e-02
   1.3187025e-02
   1.3665731e-02
   1.4115025e-02
   1.4528165e-02
   1.4898272e-02
   1.5218474e-02
   1.5482075e-02
   1.5682727e-02
   1.5814608e-02
   1.5872598e-02
   1.5852439e-02
   1.5750873e-02
   1.5565745e-02
   1.5296058e-02
   1.4936238e-02
   1.4456630e-02
   1.3900705e-02
   1.3324865e-02
   1.2761262e-02
   6.0636017e-02
   2.0123136e-12
   1.6712459e-12
   1.4502347e-12
   1.2928948e-12
   1.1757920e-12
   1.0867538e-12
   1.0184713e-12
   9.6612615e-13
   9.2632764e-13
   8.9656276e-13
   8.7488142e-13
   8.5970137e-13
   8.4967996e-13
   8.4362619e-13
   8.4043866e-13
   8.3906171e-13
   8.3845522e-13
   8.3757595e-13
   8.3536930e-13
   8.3077105e-13
   8.2271944e-13
   8.1017737e-13
   7.9216521e-13
   7.6780378e-13
   7.3636688e-13
   6.9734192e-13
   6.5049647e-13
   5.9594752e-13
   5.3422937e-13
   4.6635510e-13
   3.9386625e-13
   3.1886466e-13
   2.4402126e-13
   1.7255709e-13
   1.0819395e-13
   5.5074460e-14
   1.7654720e-14
   5.7685644e-16
   8.5337377e-15
   4.6143797e-14
   1.1786159e-13
   2.2796125e-13
   3.9534372e-13
   7.2351471e-13
   9.8983712e-13
   1.0601046e-12
   9.9917604e-13
